1 211 242
2 243 450
3 451 797
4 798 1002
5 1003 1453
6 1454 1972
7 1973 2442
8 2443 2744
9 2745 2825
10 2826 3181
11 3182 3368
12 3369 3497
13 3498 3562
14 3563 3596
15 3597 3937
16 3938 4379
17 4380 4917
18 4918 5256
19 5257 5585
20 5586 5867
21 5868 6330
22 6331 7082
23 7083 7523
24 7524 7797
25 7798 8304
26 8305 8579
27 8580 9235
28 9236 9589
29 9590 10264
30 10265 10527
31 10528 10749
32 10750 11158
33 11159 11500
34 11501 11819
35 11820 12263
36 12264 12495
37 12496 12725
38 12726 12944
39 12945 13392
40 13393 13632
41 13633 14021
42 14022 14569
43 14570 14972
44 14973 15327
45 15328 15586
46 15587 15845
47 15846 16178
48 16179 16520
49 16521 16901
50 16902 17325
51 17326 17591
52 17592 17959
53 17960 18247
54 18248 18451
55 18452 19206
56 19207 19512
57 19513 19886
58 19887 20308
59 20309 20474
60 20475 21101
61 21102 21174
62 21175 21807
63 21808 22359
64 22360 22964
65 22965 23544
66 23545 24148
67 24149 24744
68 24745 25315
69 25316 25721
70 25722 26269
71 26270 26967
72 26968 27533
73 27534 27640
74 27641 28464
75 28465 29549
76 29550 29875
77 29876 30004
78 30005 30132
79 30133 30223
80 30224 30410
81 30411 30465
82 30466 30637
